189 cm
No stress
11017	10991	11044	11013	11017	11017	10992	11016	
11017	11018	10993	11020	11018	10991	10993	11020	
11016	10993	10991	10989	11016	11018	11044	11018	
Stress 100
11017	11043	11042	10990	11043	11043	11018	11017	
11018	10991	11044	11042	10992	10992	11043	10991	
11016	10991	11043	11043	11016	11017	11069	11069	
Stress 200
10990	10989	11041	10976	10990	11043	10990	11015	
11016	11045	11042	11016	11016	10991	11017	11042	
10991	10991	11016	11043	11044	11043	11042	11017	
Stress 300
11020	10992	10993	10992	11019	10992	10993	11018	
10992	11045	11044	10992	11044	11017	11019	11045	
11045	11017	11017	10991	11042	11016	11043	11018	
Stress 320
11013	11039	11012	11038	11013	11011	10987	11038	
11018	13788	10989	11015	10989	11018	11040	11041	
10989	10988	10989	10988	11040	11014	10989	10990	
Stress 340
11011	10985	11039	11010	10983	11009	10983	11011	
11035	11062	11026	11012	11062	11036	13592	10985	
11010	11010	10984	11010	10984	11009	10969	11036	
Stress 360
10983	11009	10984	10984	11010	11009	16496	11011	
11084	11007	10983	11008	10981	10982	10984	11084	
11008	11034	11034	10981	11007	11009	11008	11009	
Stress 380
11007	10981	11033	10982	10981	14191	11008	4342	
11034	11009	11009	11008	10982	14538	11036	11010	
11034	10982	11007	11007	10983	11066	11008	13871	
Stress 390
11007	11007	10979	10984	11033	15614	11010	11060	
10980	11033	10980	11007	10980	11006	10981	10980	
10980	11002	11005	10980	11005	10980	10979	10979	
Stress 400
10980	10980	10980	11032	10981	11007	11000	10980	
10982	10982	11035	11008	11006	11007	10981	11034	
11033	11007	10981	11033	11007	11034	10981	10998	

17 cm
No Stress
1031	1030	1027	1030	1028	1029	1029	1002	
1005	1007	1031	1031	1007	1006	1006	1032	
1005	1005	1005	1005	1007	1030	1007	1031	
Stress 100
1031	1031	1031	1027	1005	1031	1031	1031	
1031	1007	1030	1030	1019	1005	1031	1031	
1039	1031	1017	1010	1032	1032	1006	1007	
Stress 200
1006	1006	1006	1006	1006	1006	1006	1031	
1006	1006	1006	1005	1006	1006	1006	1006	
1006	1005	1006	1006	1005	1006	1007	1031	
Stress 300
1029	1029	1031	1032	1029	1029	1029	1005	
1029	1032	1031	1032	1029	1032	1031	1006	
1031	1029	1029	1006	1005	1028	1005	1029	
Stress 320
1031	1028	1029	1029	1031	1028	1005	1005	
1006	1007	1005	1028	1029	1029	1031	1004	
1029	1031	1032	1028	1031	1029	1032	1005	
Stress 340
1029	1032	1005	1032	1031	1029	1031	1032	
1031	1032	1031	1032	1031	1031	3253	1029	
1028	1037	1005	1005	1031	1028	1005	1029	
Stress 360
1021	1032	1032	1031	1029	1029	1032	1029	
1032	1031	1031	1031	1031	1032	1029	1021	
1043	1007	1020	1031	1032	1031	1032	1032	
Stress 380
1032	1007	1007	1032	1032	1032	1031	1029	
1062	1062	1061	1061	7031	1062	1061	1061	
1061	1061	1061	1061	1061	1061	1061	1062	
Stress 390
1060	1061	1061	1061	1061	1061	1060	1062	
1061	1061	1464	1061	1061	1060	1061	1061	
1061	1061	1061	1060	1087	1061	1061	1061	
Stress 400
1061	1061	1061	1061	1061	1061	1087	1061	
1061	1062	1061	1061	1061	1084	1061	1043	
1061	1061	1061	1057	1061	7007	1061	1062	
